[[0], [5, 7, 11, 19, 20, 21, 22, 36], 'aspectj', 'hey']
[[1], [4, 18, 42, 103, 136, 137, 138, 139, 140, 143, 158], 'aspectj', 'hey']
[[2, 3, 4], [4, 7, 14, 18, 22, 42, 71, 76, 79, 86, 101, 111, 124, 136, 137, 138, 139, 140, 142, 143, 158, 174, 175, 176, 177, 181, 188, 189, 191, 193, 194, 196, 199, 209], 'aspectj', 'hey']
[[5, 6, 7, 8, 9, 10], [7, 11, 14, 138], 'aspectj', 'hey']
[[11, 12, 13, 14], [4, 128, 158, 174, 299], 'aspectj', 'hey']
[[15, 16], [1, 4, 7, 11, 14, 22, 88, 112, 118, 136, 184, 203, 207, 241, 245, 276, 308, 309, 315, 330, 338, 341, 342, 343, 344, 364, 365, 369, 381, 392, 393, 395, 399, 407, 408, 409, 410, 435, 436, 446, 451, 452, 454, 455, 457, 458], 'aspectj', 'hey']
[[17, 18, 19], [14, 118, 499], 'aspectj', 'hey']
[[20, 21], [22, 88, 520], 'aspectj', 'hey']
[[22, 23, 24, 25], [1, 4, 7, 14, 65, 79, 111, 118, 128, 245, 485, 561, 562, 563], 'aspectj', 'hey']
[[26], [22, 110, 114, 136, 159, 285, 346, 551, 571, 573, 582, 587], 'aspectj', 'hey']
[[27, 28, 29], [4, 7, 18, 22, 111, 118, 136, 137, 138, 139, 147, 158, 163, 240, 301, 612], 'aspectj', 'hey']
[[30, 31, 32], [0, 4, 7, 11, 12, 14, 18, 22, 25, 109, 110, 111, 114, 118, 135, 136, 137, 138, 148, 149, 150, 151, 152, 155, 157, 158, 159, 240, 248, 285, 663, 673, 694, 703, 704, 706, 713, 717, 719, 723, 725, 728, 736, 740, 742, 745, 746, 747], 'aspectj', 'hey']
[[33, 34, 35, 36, 37], [22, 136, 137, 138, 139, 147, 152, 157, 158, 163, 346, 541, 612, 614, 618, 622, 624, 628, 755, 773, 782], 'aspectj', 'hey']
[[38, 39], [487], 'aspectj', 'hey']
[[40, 41], [], 'aspectj', 'hey']
[[42, 43], [4, 7, 86, 128, 816], 'aspectj', 'hey']
[[44, 45, 46], [4, 7, 22, 110, 118, 845], 'aspectj', 'hey']
[[47, 48], [0, 4, 7, 22, 25, 136, 137, 138, 148, 149, 150, 151, 152, 340, 717, 723, 894, 899], 'aspectj', 'hey']
[[49, 50, 51, 52, 53, 54], [], 'aspectj', 'hey']
[[55, 56, 57, 58, 59], [18, 22, 71, 84, 118, 128, 561, 581, 700, 944, 945, 946, 948, 949, 954], 'aspectj', 'hey']
[[60, 61], [4, 7, 14, 25, 207, 458, 782, 966], 'aspectj', 'hey']
[[62, 63, 64], [7, 18, 71, 109, 111, 339, 561, 991], 'aspectj', 'hey']
[[65, 66, 67], [7, 14, 18, 22, 128, 138, 196, 393, 455, 484, 485, 486, 487, 493, 561, 605, 1033, 1034, 1036, 1037, 1038, 1051], 'aspectj', 'hey']
[[68, 69, 70, 71, 72, 73], [51, 71, 340, 449, 1075, 1083, 1085], 'aspectj', 'hey']
[[74, 75], [14, 22, 485, 487, 561], 'aspectj', 'hey']
[[76, 77, 78], [0, 1, 4, 7, 12, 14, 18, 22, 25, 27, 51, 71, 107, 108, 109, 111, 112, 114, 118, 134, 135, 136, 137, 138, 139, 148, 149, 150, 151, 152, 154, 155, 156, 157, 158, 159, 160, 163, 227, 228, 236, 238, 240, 251, 253, 263, 318, 454, 561, 612, 614, 618, 619, 620, 624, 625, 628, 636, 637, 638, 639, 640, 642, 643, 644, 645, 653, 654, 658, 700, 704, 717, 723, 919, 948, 1118, 1123, 1125, 1126, 1127, 1128, 1129, 1130, 1131, 1132, 1133, 1134, 1135, 1136, 1137, 1138, 1139, 1140, 1141, 1142, 1143, 1144, 1145, 1146, 1147, 1148, 1149, 1150, 1151, 1152, 1153, 1154, 1155, 1156, 1157, 1158, 1159, 1167, 1168], 'aspectj', 'hey']
[[79], [4, 7, 8, 22, 25, 26, 77, 110, 124, 136, 137, 148, 149, 150, 158, 159, 165, 337, 372, 401, 1202, 1203, 1207, 1210, 1214, 1220, 1231, 1236, 1238, 1242, 1245, 1251, 1253, 1255, 1256, 1269], 'aspectj', 'hey']
[[80], [22, 101, 136, 137, 138, 139, 140, 147, 149, 152, 261], 'aspectj', 'hey']
[[81], [666, 1309], 'aspectj', 'hey']
[[82], [7], 'aspectj', 'hey']
[[83, 84, 85, 86, 87, 88, 89, 90, 91, 92, 93, 94, 95, 96, 97, 98, 99, 100, 101, 102], [4, 7, 11, 12, 65, 66, 77, 86, 110, 120, 159, 176, 230, 299, 315, 814, 816, 1340], 'aspectj', 'hey']
[[103], [1370], 'aspectj', 'hey']
[[104, 105], [22, 103, 124, 134, 136, 1281, 1402, 1406, 1408, 1410, 1411, 1413, 1414, 1423], 'aspectj', 'hey']
[[106], [4, 7, 11, 14, 18, 22, 32, 71, 76, 79, 84, 86, 98, 101, 107, 109, 110, 111, 124, 134, 136, 137, 138, 139, 140, 142, 147, 148, 152, 155, 158, 176, 184, 190, 191, 194, 195, 196, 199, 203, 210, 221, 228, 240, 258, 261, 350, 358, 458, 671, 680, 696, 777, 1366, 1438, 1454, 1455, 1456, 1457, 1458, 1460, 1461, 1463, 1465, 1478, 1483], 'aspectj', 'hey']
[[107], [8, 14, 71, 79, 86, 125, 1373, 1510, 1511, 1512, 1515, 1518], 'aspectj', 'hey']
[[108, 109, 110, 111], [7, 65, 89, 1520, 1530], 'aspectj', 'hey']
[[112, 113, 114, 115], [1, 2, 7, 13, 14, 33, 41, 51, 69, 71, 74, 77, 86, 128, 159, 163, 175, 176, 184, 306, 318, 340, 342, 346, 370, 393, 561, 984, 1181, 1544, 1567, 1568, 1569, 1571, 1585, 1587, 1588], 'aspectj', 'hey']
[[116, 117, 118, 119, 120, 121, 122, 123, 124, 125, 126], [4, 7, 11, 65, 77, 202, 230], 'aspectj', 'hey']
[[127, 128, 129, 130], [4, 7, 11, 124, 1014], 'aspectj', 'hey']
[[131, 132, 133, 134, 135, 136, 137, 138, 139, 140, 141, 142, 143, 144, 145, 146, 147], [4, 5, 7, 11, 18, 51, 62, 77, 102, 105, 107, 110, 120, 173, 230, 232, 241, 243, 336, 340, 356, 487, 670, 943, 1647, 1649, 1670, 1684], 'aspectj', 'hey']
[[148, 149, 150, 151, 152], [0, 18, 22, 136, 137, 138, 139, 148, 149, 152, 155, 158, 628, 1137, 1717], 'aspectj', 'hey']
[[153], [1, 4, 7, 11, 22, 25, 27, 46, 65, 71, 72, 76, 84, 86, 88, 107, 110, 114, 124, 136, 137, 138, 139, 158, 176, 181, 199, 207, 230, 245, 252, 258, 318, 340, 350, 353, 373, 378, 561, 565, 615, 816, 847, 977, 1009, 1069, 1297, 1298, 1322, 1337, 1455, 1509, 1594, 1620, 1736, 1737, 1738, 1739, 1743, 1749, 1750, 1751, 1752, 1753, 1782, 1784, 1791, 1794, 1805, 1807, 1810], 'aspectj', 'hey']
[[154, 155, 156], [110, 202, 1815, 1823], 'aspectj', 'hey']
[[157, 158], [0, 4, 7, 11, 14, 18, 22, 25, 111, 136, 137, 138, 148, 149, 150, 151, 152, 155, 157, 158, 240, 704, 717, 723, 1137, 1834, 1835], 'aspectj', 'hey']
[[159], [7, 11, 62, 374], 'aspectj', 'hey']
[[160, 161, 162], [4, 77, 245, 487, 1180], 'aspectj', 'hey']
[[163, 164], [11, 19, 71, 127, 136, 1890, 1910], 'aspectj', 'hey']
[[165], [], 'aspectj', 'hey']
[[166, 167], [7, 245, 340, 1002, 1953, 1955], 'aspectj', 'hey']
[[168], [7, 11, 245, 487, 1653], 'aspectj', 'hey']
[[169, 170], [4, 7, 13, 14, 39, 71, 86, 110, 124, 128, 299, 339], 'aspectj', 'hey']
[[171, 172], [], 'aspectj', 'hey']
[[173], [], 'aspectj', 'hey']
[[174], [], 'aspectj', 'hey']
[[175, 176, 177, 178, 179], [], 'aspectj', 'hey']
[[180, 181, 182, 183, 184, 185, 186, 187, 188], [7, 11, 128, 533, 1043], 'aspectj', 'hey']
[[189, 190, 191, 192], [1, 22, 33, 134], 'aspectj', 'hey']
[[193], [], 'aspectj', 'hey']
[[194], [11, 14, 374, 977], 'aspectj', 'hey']
[[195, 196, 197, 198, 199, 200], [7, 11, 65, 110, 173, 425, 2069], 'aspectj', 'hey']
[[201], [0, 8, 18, 22, 136, 137, 138, 148, 149, 150, 151, 152, 155, 158, 299, 2096, 2099, 2105, 2112, 2119, 2121], 'aspectj', 'hey']
[[202], [77, 110, 1526, 1849], 'aspectj', 'hey']
[[203, 204], [7, 241, 353], 'aspectj', 'hey']
[[205, 206, 207, 208], [7, 14, 22, 46, 137, 232, 487, 1095, 2066, 2166, 2167], 'aspectj', 'hey']
[[209, 210, 211], [1, 4, 7, 71, 86, 128, 571, 2202, 2206, 2207], 'aspectj', 'hey']
[[212], [138, 173, 487, 1180, 2212], 'aspectj', 'hey']
[[213, 214, 215], [245], 'aspectj', 'hey']
[[216, 217, 218, 219], [7, 22, 24, 33, 136, 137, 138, 157, 203, 485, 561, 562, 563, 664, 794, 1253, 1972, 2228, 2245], 'aspectj', 'hey']
[[220, 221], [7, 2256], 'aspectj', 'hey']
[[222, 223, 224, 225, 226], [7, 123], 'aspectj', 'hey']
[[227, 228, 229], [22, 26, 84, 89, 134, 136, 138, 2069, 2274, 2280, 2296, 2299], 'aspectj', 'hey']
[[230, 231, 232, 233, 234], [0, 4, 5, 7, 11, 12, 14, 18, 22, 25, 32, 51, 62, 71, 79, 89, 90, 91, 101, 107, 108, 109, 110, 111, 112, 113, 114, 118, 125, 128, 136, 137, 138, 139, 140, 147, 148, 149, 150, 151, 152, 155, 157, 158, 227, 228, 230, 236, 238, 240, 241, 245, 263, 340, 373, 454, 564, 773, 1472, 1757, 2119, 2121, 2329, 2334, 2345], 'aspectj', 'hey']
[[235, 236, 237, 238, 239, 240, 241, 242, 243, 244, 245, 246], [7], 'aspectj', 'hey']
[[247, 248], [4, 7, 71, 79, 84, 86, 110, 158, 551, 593, 2377], 'aspectj', 'hey']
[[249, 250], [7, 816], 'aspectj', 'hey']
[[251], [4, 7, 11, 51, 65, 77, 110, 120, 127, 230, 232, 1002, 1859, 2228, 2380, 2406], 'aspectj', 'hey']
[[252, 253], [4, 7, 22, 65, 175, 176, 320], 'aspectj', 'hey']
[[254, 255], [1, 66, 118], 'aspectj', 'hey']
[[256, 257, 258, 259, 260, 261], [86], 'aspectj', 'hey']
[[262, 263, 264, 265], [6, 125, 345, 373, 561, 610], 'aspectj', 'hey']
[[266, 267, 268], [7, 22, 25, 136, 137, 138, 157, 561, 664, 1972, 2228, 2245], 'aspectj', 'hey']
[[269], [18, 19, 22, 45, 46, 51, 71, 79, 86, 89, 90, 91, 109, 114, 128, 134, 137, 138, 175, 188, 196, 213, 248, 342, 378, 511, 685, 696, 990, 1455, 1456, 1685, 2472, 2473, 2474, 2476, 2477, 2480, 2482, 2499, 2500, 2501, 2502, 2504], 'aspectj', 'hey']
[[270], [4, 14], 'aspectj', 'hey']
[[271, 272], [7, 8, 65, 71, 77, 89, 90, 91, 110, 125, 128, 174, 193, 375, 1014, 2528], 'aspectj', 'hey']
[[273, 274, 275, 276, 277, 278], [7, 137, 340, 353], 'aspectj', 'hey']
[[279, 280, 281, 282], [7, 71, 72, 109, 110, 669, 2573], 'aspectj', 'hey']
[[283, 284, 285, 286], [18, 22, 136, 137, 138, 148, 149, 150, 151, 152, 155, 158, 1573], 'aspectj', 'hey']
[[287, 288, 289, 290], [], 'aspectj', 'hey']
[[291, 292, 293], [], 'aspectj', 'hey']
[[294, 295, 296], [0, 4, 7, 18, 22, 111, 134, 136, 137, 138, 139, 140, 147, 148, 149, 152, 155, 157, 158, 337, 346, 541, 755, 770, 771, 773, 776, 782, 2119, 2622], 'aspectj', 'hey']
[[297, 298, 299], [], 'aspectj', 'hey']
[[300, 301, 302, 303, 304, 305], [77, 79, 104], 'aspectj', 'hey']
[[306, 307, 308, 309, 310, 311, 312, 313, 314, 315, 316, 317, 318, 319, 320, 321, 322, 323, 324, 325, 326, 327, 328, 329, 330], [4, 86, 124, 136, 181, 199, 1815, 1816], 'aspectj', 'hey']
[[331, 332, 333, 334, 335, 336], [7, 11, 71, 79, 82, 86, 89, 90, 91, 110, 114, 118, 175, 176, 228, 551, 1567, 2659, 2663, 2670, 2671], 'aspectj', 'hey']
[[337, 338], [4, 7, 8, 11, 32, 51, 65, 71, 77, 84, 89, 90, 91, 110, 120, 158, 165, 184, 196, 202, 230, 300, 348, 2216, 2683, 2691, 2698], 'aspectj', 'hey']
[[339, 340], [0, 12, 19, 22, 25, 89, 101, 136, 137, 138, 139, 140, 147, 148, 149, 150, 151, 152, 261, 264, 612, 622, 765, 819, 921, 923, 1297, 1298, 2119, 2538, 2709, 2710, 2716, 2718, 2720, 2722], 'aspectj', 'hey']
[[341], [7, 127], 'aspectj', 'hey']
[[342, 343, 344, 345, 346, 347, 348, 349, 350, 351, 352], [0, 4, 7, 11, 62, 230, 232, 968], 'aspectj', 'hey']
[[353, 354, 355, 356], [], 'aspectj', 'hey']
[[357, 358, 359, 360, 361, 362], [110, 120], 'aspectj', 'hey']
[[363, 364, 365, 366], [7], 'aspectj', 'hey']
[[367, 368, 369, 370, 371, 372, 373], [1, 4, 18, 22, 51, 110, 120, 128, 136, 340, 547, 698, 867, 945, 2815], 'aspectj', 'hey']
[[374, 375, 376], [4, 6, 7, 8, 14, 18, 22, 88, 89, 90, 91, 109, 110, 125, 134, 136, 158, 175, 189, 196, 203, 213, 241, 358, 680, 694, 1052, 1457, 1499, 1765, 2511, 2838, 2846, 2848, 2850, 2851, 2853], 'aspectj', 'hey']
[[377, 378, 379], [], 'aspectj', 'hey']
[[380, 381, 382], [7, 13], 'aspectj', 'hey']
[[383, 384, 385], [7, 8, 11, 77, 79, 82, 89, 90, 91, 110, 125, 196, 285, 340, 348, 358, 370, 584, 867, 1366, 2880, 2885, 2888], 'aspectj', 'hey']
[[386], [], 'aspectj', 'hey']
[[387], [7, 139, 828], 'aspectj', 'hey']
[[388, 389, 390, 391, 392], [4, 7, 374, 2420], 'aspectj', 'hey']
[[393], [7, 8, 71, 72, 86, 89, 90, 91, 118, 163, 289, 346, 359, 489, 587, 816, 1855, 2912, 2913, 2914, 2915, 2916], 'aspectj', 'hey']
[[394, 395, 396, 397, 398, 399, 400], [4, 7, 11, 77, 88, 110, 113, 120, 128, 139, 245, 374, 493, 697, 849, 2339], 'aspectj', 'hey']
[[401, 402, 403, 404, 405], [], 'aspectj', 'hey']
[[406, 407, 408, 409, 410, 411, 412, 413, 414, 415], [7, 8, 11, 25, 71, 77, 137, 138, 285, 1345, 1714, 2751, 2947], 'aspectj', 'hey']
[[416, 417, 418, 419, 420, 421], [22, 136, 137, 138, 157, 2228, 2245], 'aspectj', 'hey']
[[422, 423], [4, 7, 13, 62, 71, 124, 128, 299, 340, 2921, 2995], 'aspectj', 'hey']
[[424, 425, 426, 427], [14, 18, 22, 71, 84, 86, 89, 90, 91, 118, 128, 136, 158, 159, 177, 199, 3000, 3007], 'aspectj', 'hey']
[[428, 429], [7], 'aspectj', 'hey']
[[430, 431, 432, 433, 434, 435, 436, 437, 438, 439, 440, 441, 442, 443, 444, 445, 446, 447, 448, 449, 450, 451, 452, 453, 454, 455, 456, 457, 458, 459, 460, 461, 462, 463, 464, 465, 466, 467, 468, 469, 470, 471, 472, 473, 474, 475, 476, 477, 478, 479, 480, 481, 482, 483, 484, 485, 486, 487, 488, 489, 490, 491, 492, 493, 494, 495, 496, 497, 498], [4, 7, 11, 65, 77, 120, 138, 173], 'aspectj', 'hey']
[[499], [7, 110], 'aspectj', 'hey']
[[500, 501, 502], [], 'aspectj', 'hey']
[[503, 504, 505, 506, 507], [7, 66, 110, 165, 184, 304, 340, 1298, 1312, 3048], 'aspectj', 'hey']
[[508, 509, 510], [4, 7, 511, 580, 1043, 1887, 1888, 3062, 3063, 3064], 'aspectj', 'hey']
[[511, 512, 513], [0, 7, 22, 25, 51, 52, 62, 71, 107, 113, 114, 125, 136, 137, 138, 148, 149, 150, 151, 152, 191, 193, 196, 340, 704, 710, 717, 723, 782, 1945, 2444, 3082, 3089, 3098, 3101, 3102], 'aspectj', 'hey']
[[514], [], 'aspectj', 'hey']
[[515], [0, 22, 125, 128, 136, 137, 138, 148, 149, 723, 732, 822, 1373, 1397, 1516, 3126], 'aspectj', 'hey']
[[516], [14, 22, 33, 84, 114, 166, 345, 437, 527, 561, 1579], 'aspectj', 'hey']
[[517, 518], [0, 22, 125, 128, 136, 137, 138, 148, 149, 1137, 1373, 1397, 1516], 'aspectj', 'hey']
[[519, 520, 521, 522, 523, 524, 525, 526, 527, 528], [4, 7, 11, 13, 22, 62, 65, 120, 230, 241, 374, 849, 971, 2063], 'aspectj', 'hey']
[[529], [], 'aspectj', 'hey']
[[530, 531, 532], [7, 11, 43, 65, 77, 105, 230, 232], 'aspectj', 'hey']
[[533, 534, 535], [4, 7, 11, 65, 77, 128, 230, 241, 374, 375, 511, 580, 968, 1043], 'aspectj', 'hey']
[[536], [], 'aspectj', 'hey']
[[537], [6, 7, 13, 14, 22, 56, 76, 82, 84, 89, 90, 91, 118, 124, 134, 174, 175, 191, 195, 203, 210, 309, 437, 656, 664, 743, 1163, 1460, 1465, 2148, 2503, 3248, 3249, 3250, 3251, 3259], 'aspectj', 'hey']
[[538, 539, 540], [], 'aspectj', 'hey']
[[541], [7, 13, 14, 22, 76, 82, 84, 86, 89, 90, 91, 124, 134, 174, 195, 196, 207, 664, 1465, 2503], 'aspectj', 'hey']
[[542, 543], [4, 7, 11, 18, 22, 51, 109, 111, 136, 137, 138, 139, 147, 148, 150, 152, 155, 158, 173, 240, 704, 755], 'aspectj', 'hey']
[[544], [1, 18, 118, 487], 'aspectj', 'hey']
[[545], [], 'aspectj', 'hey']
[[546, 547, 548, 549, 550, 551, 552, 553, 554, 555, 556, 557], [22, 25, 26, 136, 137, 148, 149, 150, 159, 340, 401, 948, 1198, 1202, 1203, 1207, 1210, 1214, 3347, 3349, 3355, 3360, 3365, 3369, 3377, 3378], 'aspectj', 'hey']
[[558, 559, 560, 561, 562, 563, 564, 565, 566, 567, 568], [7, 11, 62, 120, 760], 'aspectj', 'hey']
[[569, 570, 571, 572, 573], [4, 7, 8, 11, 117, 138, 340, 580, 2444], 'aspectj', 'hey']
[[574, 575], [], 'aspectj', 'hey']
[[576, 577, 578, 579, 580, 581, 582, 583, 584, 585, 586], [4, 22, 46, 134, 340, 2751], 'aspectj', 'hey']
[[587, 588, 589, 590, 591], [0, 8, 22, 25, 46, 71, 86, 118, 134, 136, 137, 138, 148, 149, 150, 151, 152, 163, 175, 717, 723, 921, 2751, 3426], 'aspectj', 'hey']
[[592, 593, 594], [4, 7, 8, 19, 22, 71, 105, 107, 114, 118, 124, 134, 136, 137, 138, 139, 184, 336, 337, 453, 1406, 1413, 1414, 3234, 3450, 3454, 3456, 3458, 3459, 3460], 'aspectj', 'hey']
[[595, 596], [1579], 'aspectj', 'hey']
[[597, 598], [7, 22, 77, 139, 173, 1557, 3061], 'aspectj', 'hey']
[[599, 600, 601], [22, 148, 710], 'aspectj', 'hey']
[[602, 603], [], 'aspectj', 'hey']
[[604, 605, 606, 607, 608, 609, 610, 611], [6, 7, 11, 71, 77, 107, 118, 193, 318, 340, 345, 610], 'aspectj', 'hey']
[[612, 613, 614, 615, 616, 617, 618], [22, 24, 71, 84, 118, 128, 485, 977, 3550, 3552, 3554], 'aspectj', 'hey']
[[619], [0, 2, 14, 19, 22, 71, 76, 79, 86, 101, 114, 124, 125, 128, 134, 136, 137, 138, 139, 140, 142, 144, 147, 148, 149, 150, 152, 176, 184, 193, 195, 196, 198, 199, 203, 222, 225, 258, 261, 340, 346, 533, 561, 583, 612, 675, 701, 844, 921, 2119, 2882, 3562, 3569, 3570, 3575, 3576, 3577, 3578, 3579], 'aspectj', 'hey']
[[620], [0, 2, 14, 18, 22, 51, 71, 76, 80, 84, 86, 114, 124, 125, 128, 134, 136, 137, 138, 139, 140, 142, 147, 148, 149, 150, 152, 176, 191, 194, 195, 196, 197, 198, 199, 203, 210, 221, 222, 223, 225, 245, 261, 339, 378, 410, 664, 680, 921, 1458, 1465, 1492, 1792, 1794, 2105, 2119, 2516, 3155, 3258, 3580, 3625, 3626, 3627, 3631, 3632, 3633, 3634, 3636, 3640, 3644, 3655], 'aspectj', 'hey']
[[621, 622, 623, 624, 625, 626], [], 'aspectj', 'hey']
[[627, 628, 629], [], 'aspectj', 'hey']
[[630], [4, 7, 51, 71, 84, 184, 378, 782, 3672, 3673], 'aspectj', 'hey']
[[631, 632], [0, 22, 136, 137, 138, 148, 149, 152, 704, 1137], 'aspectj', 'hey']
[[633, 634, 635, 636, 637, 638, 639, 640, 641], [7, 22, 71, 84, 86, 177, 378, 2967, 3696, 3697], 'aspectj', 'hey']
[[642, 643, 644, 645, 646, 647, 648], [814], 'aspectj', 'hey']
[[649], [0, 4, 7, 11, 13, 14, 18, 22, 25, 62, 65, 71, 79, 84, 88, 90, 109, 111, 114, 134, 136, 137, 138, 139, 148, 149, 150, 151, 152, 155, 157, 158, 163, 203, 240, 252, 320, 350, 355, 362, 393, 408, 487, 561, 704, 717, 804, 1000, 1137, 1553, 1702, 1757, 2269, 2366, 3316, 3706, 3711, 3712, 3716, 3717, 3722, 3725, 3733, 3738, 3743, 3746, 3749, 3751, 3757, 3758, 3759], 'aspectj', 'hey']
[[650, 651, 652], [0, 1, 4, 7, 13, 18, 22, 25, 51, 76, 84, 101, 111, 124, 134, 136, 137, 138, 139, 140, 147, 148, 149, 150, 151, 152, 155, 157, 158, 165, 176, 230, 240, 258, 260, 261, 350, 497, 543, 580, 755, 776, 921, 952, 981, 1465, 1483, 1507, 1794, 2119, 2269, 2675, 3765, 3773, 3792], 'aspectj', 'hey']
[[653, 654], [0, 18, 22, 101, 127, 136, 137, 138, 139, 140, 147, 148, 149, 152, 155, 157, 158, 253, 261, 330, 346, 541, 637, 770, 773, 782, 1281, 1298, 2119, 2759, 3799], 'aspectj', 'hey']
[[655, 656, 657], [4, 7, 11, 14, 22, 51, 62, 65, 77, 124, 136, 137, 139, 159, 165, 171, 173, 241, 340, 565, 583, 675, 977, 3297, 3317, 3576, 3579, 3587, 3666, 3835, 3856, 3873, 3876, 3878], 'aspectj', 'hey']
[[658, 659, 660, 661], [0, 2, 4, 14, 18, 22, 23, 46, 51, 71, 84, 86, 88, 89, 101, 109, 111, 114, 118, 124, 127, 134, 136, 137, 138, 139, 140, 142, 147, 148, 149, 150, 152, 155, 157, 158, 175, 184, 190, 191, 193, 194, 195, 196, 197, 199, 203, 207, 210, 222, 228, 240, 245, 248, 252, 258, 261, 339, 340, 346, 362, 372, 393, 458, 487, 541, 583, 610, 664, 665, 675, 680, 684, 755, 769, 770, 771, 773, 774, 776, 782, 853, 977, 1000, 1002, 1046, 1052, 1094, 1281, 1410, 1428, 1460, 1465, 1492, 1633, 1714, 1946, 1953, 2019, 2119, 2149, 2751, 2801, 3158, 3259, 3387, 3576, 3579, 3662, 3676, 3759, 3881, 3884, 3885, 3886, 3887, 3889, 3890, 3891, 3892, 3893, 3894, 3916, 3917, 3919, 3920, 3921, 3958, 3960, 3962, 3963, 3965, 3966, 3967, 3970, 3971], 'aspectj', 'hey']
[[662, 663], [14, 22, 27, 45, 111, 158, 241, 511, 556, 561, 562, 666, 927, 1757, 1972, 2463, 2483, 3974, 3977], 'aspectj', 'hey']
[[664], [], 'aspectj', 'hey']
[[665, 666], [4, 7, 76, 84, 147, 173, 622, 1296, 3738, 3999, 4000], 'aspectj', 'hey']
[[667, 668, 669, 670], [], 'aspectj', 'hey']
[[671], [0, 22, 136, 137, 138, 139, 148, 149, 150, 151, 152, 704, 1137, 3316, 3738, 4020], 'aspectj', 'hey']
[[672, 673, 674], [107, 285], 'aspectj', 'hey']
[[675, 676, 677, 678], [4, 7, 39, 71, 72, 74, 79, 82, 86, 124, 128, 173, 199, 339, 816, 3697, 4053, 4054], 'aspectj', 'hey']
[[679, 680, 681, 682], [7, 14, 22, 25, 39, 86, 110, 124, 136, 137, 138, 140, 149, 159, 199, 337, 453, 561, 581, 583, 675, 717, 1277, 1279, 1280, 1474, 1492, 2138, 3576, 3587, 3676, 3871, 3873, 3876, 3877, 3878, 4072, 4084], 'aspectj', 'hey']
[[683, 684, 685, 686, 687, 688], [7, 64, 66, 79, 241, 346, 561, 3000], 'aspectj', 'hey']
[[689], [], 'aspectj', 'hey']
[[690], [0, 2, 4, 7, 8, 13, 14, 18, 22, 71, 72, 73, 76, 77, 79, 82, 84, 86, 101, 114, 120, 124, 134, 136, 137, 138, 139, 140, 142, 147, 148, 149, 150, 152, 188, 191, 193, 194, 195, 196, 205, 208, 217, 221, 261, 340, 351, 378, 535, 612, 696, 921, 1465, 1566, 2106, 2119, 2716, 2717, 4101, 4103, 4104, 4135], 'aspectj', 'hey']
[[691, 692, 693, 694, 695, 696], [14, 22, 24, 136, 137, 138, 150, 157, 196, 207, 556, 977, 1492, 2228, 4143, 4144, 4154, 4158], 'aspectj', 'hey']
[[697, 698, 699, 700, 701], [7, 11, 245], 'aspectj', 'hey']
[[702, 703], [0, 7, 22, 136, 137, 138, 148, 149, 152, 704, 1137], 'aspectj', 'hey']
[[704, 705, 706, 707, 708], [71, 107, 118, 345, 2801, 3456, 3543, 4182], 'aspectj', 'hey']
[[709, 710, 711, 712], [4, 8, 22, 134, 547, 2751], 'aspectj', 'hey']
[[713, 714], [86, 136, 547, 1734, 4195, 4196], 'aspectj', 'hey']
[[715, 716, 717], [22, 136, 137, 138, 147, 148, 149, 150, 151, 152], 'aspectj', 'hey']
[[718], [], 'aspectj', 'hey']
[[719, 720, 721], [0, 22, 136, 137, 138, 139, 148, 149, 152, 921, 2119, 3738, 4211, 4214], 'aspectj', 'hey']
[[722], [], 'aspectj', 'hey']
[[723], [], 'aspectj', 'hey']
[[724], [22, 136, 137, 138, 148, 149, 150, 151, 152, 664, 2165], 'aspectj', 'hey']
[[725, 726], [], 'aspectj', 'hey']
[[727, 728, 729, 730, 731], [], 'aspectj', 'hey']
[[732, 733, 734, 735, 736, 737], [4, 7, 22, 62, 71, 72, 73, 77, 86, 110, 114, 120, 128, 136, 173, 230, 968, 2751, 2755, 3556, 3579, 4167], 'aspectj', 'hey']
[[738], [7], 'aspectj', 'hey']
[[739], [1], 'aspectj', 'hey']
[[740], [0, 14, 22, 136, 137, 138, 148, 149, 152, 704, 1137], 'aspectj', 'hey']
[[741, 742, 743, 744], [2, 11, 14, 25, 77, 107, 110, 171, 173, 203, 207, 340, 458, 487, 511, 556, 580, 848, 1671], 'aspectj', 'hey']
[[745, 746, 747, 748], [22, 124, 128, 134, 136, 137, 138, 159, 337, 583, 675, 3576, 3873, 3878], 'aspectj', 'hey']
[[749, 750, 751, 752], [4, 7, 110], 'aspectj', 'hey']
[[753, 754, 755], [0, 8, 14, 18, 22, 27, 46, 71, 86, 89, 90, 91, 109, 114, 128, 134, 136, 137, 138, 139, 140, 147, 148, 149, 150, 151, 152, 155, 157, 158, 163, 174, 184, 196, 199, 203, 245, 248, 252, 253, 330, 348, 378, 393, 408, 453, 487, 493, 497, 664, 665, 694, 759, 874, 921, 971, 977, 1000, 1079, 1256, 1429, 1656, 1969, 2116, 2119, 2256, 2679, 2737, 2738, 2759, 3138, 3506, 3549, 3758, 3759], 'aspectj', 'hey']
[[756, 757, 758], [0, 1, 2, 4, 7, 11, 14, 18, 22, 25, 27, 46, 71, 89, 90, 91, 111, 134, 136, 137, 138, 148, 149, 150, 151, 152, 155, 157, 158, 175, 196, 207, 240, 241, 348, 393, 408, 487, 492, 511, 556, 561, 717, 723, 732, 908, 921, 927, 977, 1166, 1171, 1172, 1455, 1731, 2119, 3426, 3506, 3549, 3759, 3771], 'aspectj', 'hey']
[[759, 760, 761, 762], [], 'aspectj', 'hey']
[[763, 764], [0, 22, 25, 136, 137, 138, 139, 148, 149, 152, 163, 174, 612, 717, 723, 732, 822], 'aspectj', 'hey']
[[765, 766, 767, 768], [7, 177], 'aspectj', 'hey']
[[769, 770, 771], [124], 'aspectj', 'hey']
[[772], [0, 7, 22, 128, 136, 137, 138, 139, 147, 148, 149, 152, 232, 921, 2119, 3317], 'aspectj', 'hey']
[[773, 774, 775, 776, 777], [71], 'aspectj', 'hey']
[[778, 779, 780, 781, 782], [7], 'aspectj', 'hey']
[[783, 784], [4, 7, 8, 107, 163], 'aspectj', 'hey']
[[785], [0, 22, 25, 136, 137, 138, 148, 149, 150, 151, 152, 717, 723, 921, 3426], 'aspectj', 'hey']
[[786, 787, 788, 789, 790], [0, 7, 14, 22, 136, 137, 138, 139, 140, 147, 148, 149, 152, 921, 2119], 'aspectj', 'hey']
[[791, 792, 793, 794, 795, 796, 797, 798], [0, 22, 101, 136, 137, 138, 139, 140, 147, 148, 149, 152, 258, 261, 921, 2119], 'aspectj', 'hey']
[[799, 800, 801], [7, 76], 'aspectj', 'hey']
[[802], [0, 1, 2, 14, 17, 18, 22, 25, 108, 110, 136, 137, 138, 139, 140, 148, 149, 150, 151, 152, 155, 157, 158, 159, 163, 245, 346, 541, 547, 565, 612, 615, 616, 717, 723, 732, 755, 769, 770, 771, 773, 774, 776, 777, 778, 780, 782, 783, 822, 1133, 1145, 1146, 1281, 1492, 1881, 2278, 2716, 3067, 3136, 3297, 3820, 3821, 3822, 3823], 'aspectj', 'hey']
[[803], [0, 22, 136, 137, 138, 148, 149, 152, 253, 704, 1137, 3746], 'aspectj', 'hey']
[[804], [11], 'aspectj', 'hey']
[[805, 806], [0, 2, 14, 18, 22, 71, 86, 101, 128, 134, 136, 137, 138, 139, 140, 142, 147, 148, 149, 150, 151, 152, 184, 195, 196, 210, 261, 336, 612, 773, 921, 1465, 2119], 'aspectj', 'hey']
[[807], [4, 7, 14, 22, 127, 136, 138, 330], 'aspectj', 'hey']
[[808, 809, 810, 811, 812], [14, 136, 493, 1449], 'aspectj', 'hey']
[[813, 814, 815], [], 'aspectj', 'hey']
[[816, 817, 818, 819, 820, 821, 822, 823, 824, 825, 826, 827], [13, 14, 62, 977], 'aspectj', 'hey']
[[828, 829], [41, 69, 340, 802, 2063], 'aspectj', 'hey']
[[830, 831, 832, 833], [], 'aspectj', 'hey']
[[834, 835, 836, 837, 838, 839], [0, 4, 7, 11, 22, 51, 65, 77, 88, 101, 120, 127, 136, 137, 138, 139, 140, 147, 148, 149, 152, 163, 173, 178, 261, 340, 612, 615, 921, 1298, 2119, 3174, 3738], 'aspectj', 'hey']
[[840], [22, 136, 137, 138, 148, 149, 150, 151, 152, 664, 2165], 'aspectj', 'hey']
[[841], [8, 33, 110, 118, 123, 163, 183, 378, 511, 580, 760], 'aspectj', 'hey']
[[842, 843, 844, 845, 846, 847], [0, 4, 7, 14, 18, 22, 25, 33, 66, 111, 136, 137, 138, 139, 142, 148, 149, 150, 151, 152, 155, 157, 158, 187, 196, 240, 306, 393, 487, 561, 704, 717, 723, 977, 1133, 1137, 1397, 1834, 1835, 2200, 3081, 3311, 3759], 'aspectj', 'hey']
[[848, 849, 850], [7, 22, 71, 114, 124, 134, 136, 184, 193, 340, 847, 1380, 1667, 2467, 2800, 2801], 'aspectj', 'hey']
[[851, 852, 853], [], 'aspectj', 'hey']
[[854, 855, 856], [22], 'aspectj', 'hey']
[[857], [4, 7, 88, 341, 2904], 'aspectj', 'hey']
[[858, 859], [], 'aspectj', 'hey']
[[860, 861, 862, 863, 864], [4, 7, 11, 14, 22, 42, 77, 84, 128, 134, 136, 137, 138, 139, 142, 143, 157, 184, 191, 252, 299, 324, 330, 340, 353, 378, 547, 696, 835, 1281, 1376, 1406, 1408, 1410, 1411, 1413, 1414, 1419, 1423, 1463, 1465, 1774, 1775, 1776, 1803, 1890, 1915, 2290, 2585, 2727, 3061, 3069, 3227, 3234, 3262, 3466], 'aspectj', 'hey']
[[865], [22, 136, 137, 138, 149, 152], 'aspectj', 'hey']
[[866, 867], [], 'aspectj', 'hey']
[[868, 869, 870, 871], [7, 22, 103, 109, 110, 124, 128, 134, 136, 137, 266, 337, 340, 453, 1277, 1279, 1280, 1553, 2504], 'aspectj', 'hey']
[[872, 873, 874, 875, 876], [7, 13, 19, 20, 22, 26, 66, 110, 118, 124, 128, 138, 199, 202, 228, 289, 441, 503, 547, 670, 985, 987, 1056, 1803, 2709, 3506], 'aspectj', 'hey']
[[877], [4, 22, 71, 107, 118, 136, 158, 193, 320, 360, 2950, 2967, 4176], 'aspectj', 'hey']
[[878], [0, 22, 136, 137, 138, 148, 149, 152, 704, 1137], 'aspectj', 'hey']
[[879, 880, 881], [22, 51, 101, 136, 137, 138, 139, 140, 147, 261, 3297], 'aspectj', 'hey']
[[882], [118, 158], 'aspectj', 'hey']
[[883, 884, 885], [7, 22, 32, 176, 213, 410, 484, 561, 700], 'aspectj', 'hey']
[[886, 887, 888], [7, 14, 22, 33, 51, 56, 62, 65, 69, 71, 77, 79, 84, 86, 110, 124, 128, 134, 137, 138, 139, 142, 143, 158, 165, 189, 196, 203, 207, 230, 232, 241, 286, 300, 437, 451, 516, 557, 846, 849, 1028, 1155, 1158, 1322, 1341, 1449, 1766, 1859, 1894, 2133, 2339, 2417, 2596, 2736, 2930, 2951, 3219, 3267, 3580], 'aspectj', 'hey']
[[889, 890], [0, 22, 25, 136, 137, 138, 148, 149, 152, 704, 717, 723, 1133, 1137, 2751], 'aspectj', 'hey']
[[891, 892], [7, 14, 865], 'aspectj', 'hey']
[[893, 894, 895], [4, 11, 22, 96, 136, 137, 138, 139, 1397, 3738, 4214], 'aspectj', 'hey']
[[896, 897, 898, 899], [7, 22, 77, 109, 136, 137, 138, 139, 304, 340, 1791, 1884, 3234, 3316], 'aspectj', 'hey']
[[900, 901], [8, 19, 46, 71, 134, 137, 138, 163, 348, 2751], 'aspectj', 'hey']
[[902, 903], [1, 4, 7, 51, 757], 'aspectj', 'hey']
[[904], [4, 7, 77, 84, 124, 134, 191, 193, 195, 207, 217, 358, 458, 1052, 1067, 1173, 1459, 1460, 1466, 1726, 3789, 4146], 'aspectj', 'hey']
[[905], [7, 25, 782], 'aspectj', 'hey']
[[906, 907, 908, 909], [7, 14, 22, 71, 86, 109, 118, 158, 339, 665], 'aspectj', 'hey']
[[910, 911, 912, 913], [4, 7, 11, 62, 88, 173, 883], 'aspectj', 'hey']
[[914], [14, 22, 101, 136, 137, 138, 139, 140, 147, 157, 186, 261, 353, 927, 1774, 3234], 'aspectj', 'hey']
[[915, 916, 917], [0, 2, 14, 18, 22, 26, 71, 76, 79, 84, 86, 101, 110, 114, 134, 135, 136, 137, 138, 139, 140, 142, 147, 148, 149, 150, 152, 175, 184, 186, 188, 191, 193, 194, 196, 197, 199, 200, 207, 208, 210, 214, 215, 221, 222, 225, 226, 261, 285, 340, 358, 499, 551, 584, 664, 696, 921, 1428, 1465, 1466, 1492, 1732, 2503, 3259, 3597], 'aspectj', 'hey']
[[918, 919, 920, 921, 922], [4, 7, 11, 65, 110, 120, 230, 2347], 'aspectj', 'hey']
[[923, 924, 925, 926, 927], [7, 62, 77, 173], 'aspectj', 'hey']
[[928, 929], [4, 7, 11, 18, 25, 26, 110, 114, 196, 315, 393, 408, 442, 487, 497, 547, 592, 927, 977, 1000, 1163, 1572, 1849, 1894, 2136, 2397, 3209, 3549, 3759, 4087], 'aspectj', 'hey']
[[930, 931, 932, 933, 934, 935, 936, 937, 938, 939, 940, 941, 942, 943], [], 'aspectj', 'hey']
[[944, 945, 946], [71, 279, 1519], 'aspectj', 'hey']
[[947, 948, 949], [4, 7, 11, 14, 22, 33, 76, 77, 80, 84, 101, 110, 124, 125, 134, 147, 163, 176, 184, 241, 258, 261, 340, 458, 565, 622, 789, 823, 1002, 1279, 1296, 1298, 1406, 1465, 2189, 2471, 3738], 'aspectj', 'hey']
[[950, 951, 952, 953], [11], 'aspectj', 'hey']
[[954, 955, 956, 957], [4, 7, 11, 14, 19, 22, 134, 136, 159, 236, 301, 820, 1398, 1406, 1423, 1428, 1438, 1492, 1978, 2160, 3572, 3961], 'aspectj', 'hey']
[[958, 959], [], 'aspectj', 'hey']
[[960, 961, 962, 963, 964, 965, 966], [], 'aspectj', 'hey']
[[967], [7, 14, 22, 136, 137, 138, 139, 147, 315, 340, 475, 518, 977, 1054, 1779, 2538, 3009, 3234], 'aspectj', 'hey']
[[968, 969, 970, 971], [], 'aspectj', 'hey']
[[972, 973, 974, 975, 976, 977, 978], [22, 136, 137, 138, 139, 140, 145, 147, 148, 149, 150, 151, 152, 773, 2334, 3297], 'aspectj', 'hey']
[[979, 980, 981, 982, 983, 984, 985], [0, 22, 25, 46, 71, 84, 136, 137, 138, 139, 148, 149, 152, 174, 252, 704, 717, 723, 728, 732, 822, 1137, 3738], 'aspectj', 'hey']
[[986, 987], [0, 22, 25, 136, 137, 138, 139, 148, 149, 152, 704, 717, 1137, 3738], 'aspectj', 'hey']
[[988, 989, 990, 991], [7, 71, 77, 110], 'aspectj', 'hey']
[[992, 993, 994, 995, 996], [4, 11, 82, 124, 128, 1373], 'aspectj', 'hey']
[[997, 998, 999], [7, 22, 82, 125, 269, 341, 1373], 'aspectj', 'hey']
[[1000, 1001], [11, 62], 'aspectj', 'hey']
[[1002, 1003, 1004, 1005], [7], 'aspectj', 'hey']
[[1006, 1007, 1008], [0, 4, 7, 14, 19, 22, 24, 25, 46, 51, 71, 76, 82, 86, 88, 101, 114, 118, 124, 128, 134, 136, 137, 138, 139, 140, 142, 147, 148, 149, 150, 152, 163, 184, 190, 191, 195, 196, 197, 199, 203, 207, 210, 222, 225, 248, 261, 299, 318, 340, 393, 458, 492, 506, 561, 583, 612, 921, 977, 1298, 1459, 1465, 1469, 1492, 1633, 2801, 2819, 3076, 3258, 3262, 3576, 3581, 3582, 3583, 3631, 3738, 4214], 'aspectj', 'hey']
[[1009, 1010, 1011, 1012, 1013, 1014, 1015, 1016, 1017, 1018], [], 'aspectj', 'hey']
[[1019, 1020, 1021], [], 'aspectj', 'hey']
[[1022, 1023, 1024, 1025], [22, 35, 51, 71, 82, 84, 86, 136, 137, 138, 139, 140, 193, 258, 261, 3574], 'aspectj', 'hey']
[[1026, 1027, 1028, 1029, 1030, 1031], [7, 11], 'aspectj', 'hey']
[[1032, 1033, 1034, 1035, 1036, 1037, 1038, 1039, 1040], [4, 163], 'aspectj', 'hey']
[[1041, 1042], [0, 2, 14, 18, 22, 25, 71, 82, 86, 101, 118, 124, 127, 134, 136, 137, 138, 139, 140, 142, 147, 148, 149, 152, 155, 157, 158, 159, 163, 174, 177, 194, 199, 258, 261, 337, 393, 453, 455, 487, 497, 533, 547, 581, 583, 612, 622, 675, 717, 1277, 1279, 1280, 1707, 2119, 2751, 3128, 3576, 3871, 3873, 3877, 3878, 4078, 4079], 'aspectj', 'hey']
[[1043, 1044], [163], 'aspectj', 'hey']
[[1045, 1046, 1047, 1048], [0, 22, 110, 136, 137, 138, 139, 148, 149, 150, 151, 152, 163, 612, 624, 628, 1137], 'aspectj', 'hey']
[[1049, 1050], [0, 22, 25, 136, 137, 138, 148, 149, 150, 151, 152, 717, 723, 732, 822], 'aspectj', 'hey']
[[1051, 1052, 1053, 1054, 1055, 1056], [], 'aspectj', 'hey']
[[1057, 1058], [], 'aspectj', 'hey']
[[1059], [0, 1, 2, 4, 7, 8, 11, 22, 51, 62, 71, 77, 82, 86, 89, 90, 91, 110, 114, 128, 165, 174, 177, 241, 289, 341, 533, 594, 823, 1399, 2048], 'aspectj', 'hey']
[[1060, 1061, 1062, 1063, 1064], [40, 65, 533, 1288], 'aspectj', 'hey']
