198196
198194
161502
163792
261729
213073
272825
337949
248446
266564
224962
239042
456374
226163
373195
399408
271265
318237
325362
321652
325166
284862
182381
256514
370159
395027
198341
397829
239441
239910
363962
308399
295586
269912
265418
222360
238992
197720
317060
359106
333723
298504
404848
197473
230276
322282
246264
218507
258325
322446
347684
174385
264563
237561
176933
277616
247914
298067
296501
333469
169015
302460
302544
357952
220430
247683
341926
372559
353900
233838
283870
345345
336463
265083
333107
321950
208605
248743
224818
263323
305788
171349
288505
252722
238666
277508
102733
252102
167197
322622
258842
308386
281654
328649
89009
292239
352389
330322
212353
296054
319595
230053
338156
369170
167045
341130
293457
251070
286539
216205
398588
171061
171042
327057
213751
404192
339314
193065
206590
280651
318884
366278
382435
160296
73507
310503
296734
296040
310506
294647
282299
223446
166347
200652
327552
272233
252199
338571
239520
80571
349636
350855
310144
277959
314993
373733
376030
366757
232483
321107
266415
292584
259649
301773
340025
145391
173694
148508
257277
290411
292264
155357
292262
276399
258206
227401
354405
247319
155358
299494
364577
266952
201748
177215
243516
261728
164340
255421
303758
313936
280658
175814
376139
261808
365621
169699
324880
286375
290133
348488
210032
404594
287613
161888
173602
357788
333066
218791
390269
255555
169600
328558
309336
169605
268689
357920
227295
373461
284771
444398
329771
263105
255856
225785
240360
331069
249551
353457
325528
166064
259279
325527
280783
350435
334710
252702
323417
242602
227993
250632
270305
376918
340231
349764
278940
382189
290227
288711
374325
262218
259427
246413
388109
165512
288713
256458
279298
335783
157031
163005
294807
378396
344970
320468
270159
245734
265072
244321
323634
198183
467415
269286
210849
193440
216178
262509
218421
158159
391384
273091
273090
273628
188291
266996
298786
184447
393005
404971
177490
343978
241847
283229
415266
357582
246918
369261
266420
255661
360331
238054
176811
198524
401333
274558
222054
314840
366760
359114
249691
269076
389678
385836
368190
237419
269850
164016
240551
258629
176905
316639
287315
200399
266220
328840
208991
380892
279120
398587
283864
319315
275625
343051
325040
336471
268419
364886
262146
331981
227540
399590
309743
371446
309741
287338
356445
239649
385462
268896
293203
196658
281769
274986
333237
354947
370447
279888
318878
257754
245566
315398
235597
169014
292168
394562
207186
233497
319190
320358
329510
225916
356612
273655
318899
275032
336654
168982
159268
357067
268827
238542
329126
241047
221427
311762
335619
253784
322039
249515
269522
165153
235505
209011
251019
239120
266633
194900
352363
206513
219419
314984
265360
295517
290030
359159
407494
387718
349786
314965
318397
353100
265693
265695
330170
244830
176718
374964
159390
253765
157667
381906
388410
273102
312730
371998
296533
195012
291550
237697
241861
216754
374745
322958
198204
280700
288282
164356
423257
395225
264869
293461
339295
420210
235829
288277
194314
299062
159895
462146
314365
354470
376990
263668
260948
265993
280383
298665
280380
260944
400122
201999
310704
348071
231478
256400
210114
243793
296484
258653
247742
236686
287092
307009
226567
333123
148285
196546
456003
271704
312935
226209
284301
362120
226201
336880
259533
242044
245029
462821
246021
359332
229829
280676
269562
307120
308773
185447
260751
336147
251475
223605
230075
209051
161137
321820
298829
271840
404600
404601
203235
319431
231396
336158
345515
251940
271201
162726
320138
254618
327134
180264
344326
336745
288712
317743
288198
229910
357019
279983
119570
210470
322272
160509
336136
357012
319114
222648
249295
266602
318323
274559
266165
366085
203367
266347
168714
238035
243192
260506
435446
262154
272591
288049
340323
395171
325731
252278
164384
230817
237381
220285
195659
269840
269847
323438
354022
328121
260378
202088
232712
375777
292069
277045
234933
234932
298675
324135
291300
256669
351592
347185
297987
324707
199130
256069
353349
311910
44365
233718
323507
315820
433351
347677
356594
330269
263837
270033
310043
314130
242985
230134
192877
240608
299552
286514
271730
307232
231963
338175
298704
251151
250091
309402
154427
331075
385156
375477
389967
372962
270046
288064
349149
373130
332261
239576
367673
368018
170621
287597
162601
175405
190095
349398
329111
197472
362956
268727
181918
256779
337855
195090
221558
244619
230451
300120
345172
293620
261380
298811
206911
393707
308093
363979
364525
377993
392311
267559
167125
312711
268611
319312
164573
388971
251277
262288
176991
321641
193348
155396
265356
398307
371793
202938
251326
245286
445395
418129
303924
248681
269902
342323
285172
280675
327141
384189
160302
442425
240693
360253
197719
350758
173729
157335
349861
288577
329925
178379
266381
333572
405016
353896
227455
186884
288586
290087
305705
266552
257833
219818
364741
335810
222437
249710
315651
218171
312839
167147
293351
317633
297013
287843
248814
259586
249212
267498
249216
328099
288635
265084
271169
309440
284297
362066
269576
160469
124460
314766
213169
380822
339974
339300
395221
386337
174570
332388
386888
245307
385923
265729
195794
170672
320337
254606
223226
320331
246281
203408
158179
268710
253067
282282
451966
186322
231187
368046
336774
258510
354403
224968
164425
278255
391123
256937
311749
162135
278496
387444
160865
239539
255643
348617
223094
254207
317139
376351
321243
166514
382389
159921
337079
389456
155347
246393
349961
389750
389752
245274
48080
419279
175709
338260
211146
298388
276794
371684
252285
246125
322832
353936
289816
289818
243376
254837
258788
326399
404054
234943
372682
214994
286341
327867
194429
145018
185451
160165
160167
263487
167775
384398
243203
237447
386049
168482
227484
250493
240090
158949
336997
335682
305635
220248
394535
263469
169428
382723
331074
299548
377130
269578
319783
293465
384401
324767
198879
364380
338160
358653
324190
277036
156149
270339
394234
295819
324804
398246
267245
322664
259416
324932
170635
134425
282379
309710
298908
329268
242797
253109
304023
250921
176737
173977
260384
350800
291523
318241
211607
221885
360664
173978
367042
209372
265045
387568
367043
265041
344005
265042
